batch,elastic,elastic_err,inelastic,inelastic_err,fission,fission_err,capture,capture_err,missed,missed_err
0,0.3097282169,0,0.6851811625,0,0,0,0,0,0.005090620602,0
1,0.3090125389,0.0002530303688,0.6862912409,0.0003924719954,0,0,0,0,0.004696220123,0.0001394416267
2,0.3109345594,0.0004579187882,0.6842278107,0.0004868225857,0,0,0,0,0.00483762994,9.41930149e-05
3,0.3105250856,0.0003697990489,0.6841400397,0.000435140164,0,0,0,0,0.00533487473,0.0001221132233
4,0.3099255129,0.0002966775338,0.6846440577,0.0003526720334,0,0,0,0,0.005430429326,0.0001255203515
5,0.309624036,0.0002546532433,0.6856225773,0.0003139499394,0,0,0,0,0.004753386631,0.0001156708842
6,0.3097632299,0.0002197940838,0.6855642549,0.000278636053,0,0,0,0,0.004672515172,0.0001094960355
7,0.3112059583,0.000243371799,0.6836083831,0.0002994871802,0,0,0,0,0.005185658601,9.896355015e-05
8,0.3103325284,0.0002178185971,0.6843583795,0.0002724090579,0,0,0,0,0.005309092057,9.373149785e-05
9,0.3098110072,0.0001981723265,0.6852217927,0.0002477105168,0,0,0,0,0.004967200111,8.459955416e-05
10,0.3107287417,0.0001885673607,0.6845137252,0.0002274911532,0,0,0,0,0.004757533024,8.03964349e-05
11,0.3104443071,0.0001744987637,0.6847096807,0.0002088430413,0,0,0,0,0.004846012208,7.475617581e-05
12,0.3107640152,0.0001669581016,0.6837554671,0.000208784477,0,0,0,0,0.005480517756,7.794524211e-05
13,0.3103364505,0.0001552563854,0.6844987948,0.0001946830253,0,0,0,0,0.005164754729,7.29888177e-05
14,0.3100872359,0.0001451734864,0.6850691273,0.0001829485532,0,0,0,0,0.004843636822,6.925889581e-05
15,0.3099055609,0.0001373814662,0.6853079734,0.0001746855648,0,0,0,0,0.004786465725,6.651112133e-05
16,0.3106816667,0.0001322425307,0.6840771736,0.00016943167,0,0,0,0,0.00524115969,6.397610397e-05
17,0.3104936751,0.0001257405484,0.6842298049,0.0001624877125,0,0,0,0,0.00527651996,6.194813385e-05
18,0.3106903669,0.0001213447384,0.6843892617,0.0001548845699,0,0,0,0,0.004920371411,5.899341761e-05
19,0.3099911594,0.0001160355626,0.6853871783,0.0001508404783,0,0,0,0,0.004621662351,5.949305252e-05
20,0.3101064182,0.000110709337,0.6848736186,0.0001437919463,0,0,0,0,0.005019963256,5.66616456e-05
21,0.3101173784,0.0001058230531,0.6845515427,0.0001375280799,0,0,0,0,0.005331078928,5.592000598e-05
22,0.3101211945,0.0001013413539,0.6847176331,0.0001315512865,0,0,0,0,0.005161172346,5.379761801e-05
23,0.3104162463,9.740984534e-05,0.6847573893,0.0001260728482,0,0,0,0,0.00482636437,5.223176242e-05
24,0.3092317401,0.0001015114727,0.6860272717,0.0001311629387,0,0,0,0,0.004740988198,5.134716271e-05
25,0.310719376,9.955956852e-05,0.6839713425,0.0001298337242,0,0,0,0,0.005309281446,5.06307048e-05
26,0.3100912395,9.598484413e-05,0.6845107393,0.0001253464909,0,0,0,0,0.005398021251,5.062218021e-05
27,0.3100147971,9.282121873e-05,0.6851682776,0.0001217634177,0,0,0,0,0.004816925353,4.942149001e-05
28,0.310489947,9.01307547e-05,0.6847593768,0.0001175647589,0,0,0,0,0.004750676191,4.864214349e-05
29,0.3107660331,8.896474909e-05,0.6841230783,0.000115566493,0,0,0,0,0.005110888593,4.711565574e-05
30,0.3094714107,8.944282149e-05,0.6851573741,0.0001126128629,0,0,0,0,0.005371215198,4.691776897e-05
31,0.3100122986,8.686235189e-05,0.6846520135,0.0001091399928,0,0,0,0,0.005335687932,4.638936518e-05
32,0.3107378146,8.572039834e-05,0.6844788853,0.0001061463068,0,0,0,0,0.004783300098,4.5648255e-05
33,0.3102159207,8.319932344e-05,0.6850631763,0.0001034390764,0,0,0,0,0.004720902987,4.523376868e-05
34,0.3111159653,8.466449023e-05,0.6834230829,0.0001072380932,0,0,0,0,0.00546095182,4.561458304e-05
35,0.3115800348,9.005672885e-05,0.6831120928,0.000113128004,0,0,0,0,0.005307872446,4.495624551e-05
36,0.3097937414,8.858885659e-05,0.6853416403,0.0001115144001,0,0,0,0,0.004864618241,4.400813043e-05
37,0.3104994607,8.646324898e-05,0.6846440577,0.0001085860325,0,0,0,0,0.004856481511,4.311779096e-05
38,0.3105630447,8.455898932e-05,0.6843743194,0.0001060985641,0,0,0,0,0.005062635916,4.201745982e-05
39,0.3103649663,8.246963977e-05,0.6843125432,0.0001038421961,0,0,0,0,0.005322490521,4.156854109e-05
40,0.3089461797,8.668554895e-05,0.6858674926,0.0001053340149,0,0,0,0,0.005186327697,4.069897113e-05
41,0.3098977999,8.503247819e-05,0.6853446106,0.0001039394616,0,0,0,0,0.004757589488,4.03116901e-05
42,0.3109989954,8.484714694e-05,0.6840821639,0.0001025588511,0,0,0,0,0.004918840708,3.947378614e-05
43,0.3108458498,8.395065505e-05,0.6837944664,0.0001022732391,0,0,0,0,0.005359683794,3.924818872e-05
44,0.3102342623,8.208998605e-05,0.6844101784,0.0001001757015,0,0,0,0,0.005355559273,3.897714765e-05
45,0.3099117875,8.068255627e-05,0.6851801714,9.860119005e-05,0,0,0,0,0.004908041128,3.825547359e-05
46,0.310254036,7.896632801e-05,0.6850532575,9.681460105e-05,0,0,0,0,0.004692706463,3.818522284e-05
47,0.3105485152,7.754017268e-05,0.6842896201,9.516084771e-05,0,0,0,0,0.005161864712,3.747205851e-05
48,0.3102078954,7.596872938e-05,0.6843374559,9.348145713e-05,0,0,0,0,0.005454648762,3.763314521e-05
49,0.3110566587,7.605858609e-05,0.6838244593,9.315414065e-05,0,0,0,0,0.005118882003,3.690402977e-05
50,0.3100521638,7.470571053e-05,0.6851910733,9.190771095e-05,0,0,0,0,0.004756762883,3.663664224e-05
51,0.3099424593,7.355344301e-05,0.6852257561,9.075856956e-05,0,0,0,0,0.004831784644,3.616687629e-05
52,0.3098670165,7.256776823e-05,0.6846490301,8.904816283e-05,0,0,0,0,0.005483953366,3.642607215e-05
53,0.3103365574,7.123518195e-05,0.6844281048,8.752171209e-05,0,0,0,0,0.005235337741,3.590944238e-05
54,0.3099932939,7.011589379e-05,0.6851613391,8.637441642e-05,0,0,0,0,0.004845366992,3.545895033e-05
55,0.309801085,6.934895128e-05,0.6855098671,8.607982527e-05,0,0,0,0,0.004689047881,3.541168472e-05
56,0.3102277639,6.81340133e-05,0.6844938177,8.464517877e-05,0,0,0,0,0.005278418431,3.502625601e-05
57,0.3096054132,6.787365659e-05,0.6849857929,8.333332333e-05,0,0,0,0,0.005408793937,3.496685793e-05
58,0.3103411316,6.674328495e-05,0.6847504327,8.192514121e-05,0,0,0,0,0.004908435763,3.446276977e-05
59,0.3101043431,6.567233958e-05,0.6851444872,8.089152159e-05,0,0,0,0,0.004751169688,3.425327953e-05
60,0.310348308,6.461837267e-05,0.6845893511,7.958921431e-05,0,0,0,0,0.005062340915,3.369257411e-05
61,0.310487858,6.369489108e-05,0.684091146,7.892304212e-05,0,0,0,0,0.005420995934,3.368172227e-05
62,0.3099026532,6.292036157e-05,0.6848597153,7.771248307e-05,0,0,0,0,0.005237631532,3.327283456e-05
63,0.3103042025,6.19444302e-05,0.6849927391,7.663299343e-05,0,0,0,0,0.004703058405,3.320940903e-05
64,0.3104168834,6.104835803e-05,0.6848239584,7.547614003e-05,0,0,0,0,0.004759158228,3.300161189e-05
65,0.3107113732,6.052766679e-05,0.6839184004,7.527030862e-05,0,0,0,0,0.005370226378,3.286298626e-05
66,0.3099370204,5.980879797e-05,0.6846291396,7.415313176e-05,0,0,0,0,0.005433839924,3.286324175e-05
67,0.3100086594,5.903377175e-05,0.6851137527,7.332008046e-05,0,0,0,0,0.004877587971,3.248638849e-05
68,0.3108499678,5.882427961e-05,0.6843553906,7.242677885e-05,0,0,0,0,0.004794641617,3.223385983e-05
69,0.3108413406,5.857843649e-05,0.6840272621,7.201646078e-05,0,0,0,0,0.005131397263,3.179374684e-05
70,0.3108958945,5.842809661e-05,0.6836083831,7.258065733e-05,0,0,0,0,0.005495722385,3.195343097e-05
71,0.3098705986,5.788159252e-05,0.6850780534,7.179382169e-05,0,0,0,0,0.005051348023,3.150979021e-05
72,0.3103225542,5.709385075e-05,0.6849133354,7.088429814e-05,0,0,0,0,0.004764110369,3.133507461e-05
73,0.309926812,5.650700417e-05,0.6852128748,7.029306376e-05,0,0,0,0,0.004860313213,3.102122804e-05
74,0.3101413346,5.577660104e-05,0.6845913408,6.936712182e-05,0,0,0,0,0.005267324609,3.074042205e-05
75,0.3097610315,5.542885041e-05,0.6849044,6.851465435e-05,0,0,0,0,0.005334568508,3.055575177e-05
76,0.3099887646,5.481603534e-05,0.6852842041,6.80616908e-05,0,0,0,0,0.004727031254,3.046039451e-05
77,0.3099965059,5.42100469e-05,0.6852188201,6.751929167e-05,0,0,0,0,0.004784673934,3.026502939e-05
78,0.3094276677,5.450794969e-05,0.6852723181,6.704949713e-05,0,0,0,0,0.005300014163,3.004614469e-05
79,0.3107965396,5.42733913e-05,0.6838124628,6.714177534e-05,0,0,0,0,0.005390997508,2.99648249e-05
80,0.3101870827,5.360790621e-05,0.6847275731,6.63138589e-05,0,0,0,0,0.005085344246,2.959679385e-05
81,0.3101765968,5.296033141e-05,0.6850423461,6.563771895e-05,0,0,0,0,0.004781057187,2.942835712e-05
82,0.3096792873,5.275523361e-05,0.6852980699,6.523789448e-05,0,0,0,0,0.005022642804,2.907636975e-05
83,0.3101784655,5.213160229e-05,0.6844669384,6.452524003e-05,0,0,0,0,0.005354596055,2.894880737e-05
84,0.3097124432,5.187960477e-05,0.685110778,6.394089478e-05,0,0,0,0,0.005176778809,2.864187554e-05
85,0.3098026759,5.151255784e-05,0.6854890959,6.383337309e-05,0,0,0,0,0.004708228234,2.859860955e-05
86,0.3097654112,5.118939318e-05,0.6854534817,6.365305101e-05,0,0,0,0,0.004781107078,2.844317794e-05
87,0.3105871577,5.077865409e-05,0.6841540065,6.326423542e-05,0,0,0,0,0.005258835792,2.821665094e-05
88,0.3117398127,5.299146533e-05,0.6830076237,6.542189304e-05,0,0,0,0,0.005252563676,2.798712581e-05
89,0.3105611228,5.252271433e-05,0.6844788853,6.474245669e-05,0,0,0,0,0.004959991923,2.769683932e-05
90,0.3098774986,5.209930039e-05,0.6854099423,6.449836378e-05,0,0,0,0,0.004712559064,2.764807368e-05
91,0.3103135139,5.153922e-05,0.6846888036,6.379765119e-05,0,0,0,0,0.004997682463,2.73538535e-05
92,0.3111828365,5.197200515e-05,0.6835643314,6.428660522e-05,0,0,0,0,0.005252832099,2.714533715e-05
93,0.3103298022,5.142597412e-05,0.6842487488,6.377855229e-05,0,0,0,0,0.005421448982,2.71372044e-05
94,0.3103583033,5.089699233e-05,0.6848418379,6.312689127e-05,0,0,0,0,0.004799858809,2.698670956e-05
95,0.3102781365,5.036752249e-05,0.6850096072,6.255549343e-05,0,0,0,0,0.004712256276,2.694041945e-05
96,0.3101599722,4.985733052e-05,0.684472912,6.195291032e-05,0,0,0,0,0.005367115767,2.685881783e-05
97,0.3097260943,4.963621138e-05,0.6849848005,6.139183589e-05,0,0,0,0,0.005289105199,2.669125462e-05
98,0.3103513507,4.914617011e-05,0.6847176331,6.077207652e-05,0,0,0,0,0.004931016218,2.645189592e-05
99,0.3110847187,4.936285487e-05,0.6841330558,6.042547199e-05,0,0,0,0,0.004782225535,2.632824663e-05
100,0.3100388399,4.892081544e-05,0.6849967082,5.990277084e-05,0,0,0,0,0.004964451879,2.608211519e-05
101,0.310549195,4.852695077e-05,0.6840801678,5.961741055e-05,0,0,0,0,0.005370637147,2.601283903e-05
102,0.3100356671,4.810316088e-05,0.6846410742,5.904037022e-05,0,0,0,0,0.005323258667,2.589024246e-05
103,0.3108792103,4.801436962e-05,0.6844410504,5.852037604e-05,0,0,0,0,0.004679739222,2.589511846e-05
104,0.3101346563,4.757201678e-05,0.6850145681,5.804686997e-05,0,0,0,0,0.004850775652,2.572077755e-05
105,0.3105922271,4.722686725e-05,0.6840781717,5.778429137e-05,0,0,0,0,0.005329601243,2.561098019e-05
106,0.3103497276,4.67925588e-05,0.6842188363,5.740679889e-05,0,0,0,0,0.005431436015,2.561243554e-05
107,0.3111520003,4.707752273e-05,0.6838464505,5.738999627e-05,0,0,0,0,0.005001549152,2.538066785e-05
108,0.3103183229,4.664758962e-05,0.6849848005,5.693569856e-05,0,0,0,0,0.004696876624,2.536283016e-05
109,0.3105898246,4.63130276e-05,0.6843663497,5.648664764e-05,0,0,0,0,0.005043825732,2.51324424e-05
110,0.3111612854,4.65794657e-05,0.6833318555,5.72515546e-05,0,0,0,0,0.005506859032,2.523450407e-05
111,0.3106180465,4.62597236e-05,0.6842028807,5.688498053e-05,0,0,0,0,0.005179072756,2.503218072e-05
112,0.3101218399,4.587306008e-05,0.6851682776,5.656275124e-05,0,0,0,0,0.004709882568,2.50011247e-05
113,0.3105116737,4.551403293e-05,0.6845803973,5.60708295e-05,0,0,0,0,0.004907929018,2.481571554e-05
114,0.3109411363,4.547315259e-05,0.6838004654,5.607768873e-05,0,0,0,0,0.00525839826,2.466281514e-05
115,0.3105188162,4.512319379e-05,0.6840532181,5.583071561e-05,0,0,0,0,0.005427965713,2.465682022e-05
116,0.3100886282,4.477161025e-05,0.685045322,5.545771817e-05,0,0,0,0,0.004866049775,2.450177572e-05
117,0.3094510231,4.495601016e-05,0.6858141968,5.58592178e-05,0,0,0,0,0.004734780054,2.444714721e-05
118,0.3096815431,4.486331436e-05,0.6851325907,5.55311941e-05,0,0,0,0,0.005185866232,2.426618091e-05
119,0.3103280665,4.449124777e-05,0.6843693384,5.512244938e-05,0,0,0,0,0.005302595115,2.415028514e-05
120,0.3094044774,4.470848287e-05,0.6855741416,5.518120378e-05,0,0,0,0,0.005021380958,2.395267659e-05
121,0.3099253795,4.443276522e-05,0.6852782612,5.495483802e-05,0,0,0,0,0.004796359299,2.385252155e-05
122,0.3110010987,4.446706462e-05,0.6842756652,5.460311379e-05,0,0,0,0,0.004723236048,2.381184942e-05
123,0.3103887122,4.411772044e-05,0.6842048752,5.429155685e-05,0,0,0,0,0.005406412536,2.378916184e-05
124,0.3099307727,4.385167983e-05,0.6847573893,5.386210004e-05,0,0,0,0,0.005311837991,2.368639677e-05
125,0.3102629208,4.350374375e-05,0.6849738843,5.348960342e-05,0,0,0,0,0.004763194869,2.3614097e-05
126,0.3100953592,4.318398438e-05,0.6851791803,5.321870744e-05,0,0,0,0,0.004725460504,2.357131099e-05
127,0.3110339963,4.325413006e-05,0.6836674332,5.338032315e-05,0,0,0,0,0.005298570493,2.346473932e-05
128,0.3098514711,4.304546301e-05,0.6846520135,5.296662841e-05,0,0,0,0,0.005496515405,2.353057857e-05
129,0.3108126034,4.2912204e-05,0.6841560017,5.270407427e-05,0,0,0,0,0.005031394893,2.335052619e-05
130,0.3096391979,4.286215768e-05,0.6857124898,5.290860615e-05,0,0,0,0,0.004648312276,2.33814798e-05
131,0.3106317849,4.262273206e-05,0.6844231255,5.254076041e-05,0,0,0,0,0.004945089624,2.321932238e-05
132,0.3098936009,4.23998304e-05,0.6848368716,5.216107944e-05,0,0,0,0,0.005269527507,2.310083832e-05
133,0.3102166753,4.208561019e-05,0.6845147205,5.178454687e-05,0,0,0,0,0.005268604167,2.298268737e-05
134,0.3100249609,4.181429991e-05,0.6852346733,5.15708054e-05,0,0,0,0,0.00474036582,2.293251241e-05
135,0.3100460748,4.153989464e-05,0.6850661519,5.127290036e-05,0,0,0,0,0.004887773323,2.279706e-05
136,0.3095036363,4.161217792e-05,0.6850284577,5.096348245e-05,0,0,0,0,0.005467905975,2.282964557e-05
137,0.3103421057,4.131439437e-05,0.6842587184,5.068452357e-05,0,0,0,0,0.005399175915,2.279818357e-05
138,0.3103170101,4.101882863e-05,0.6848805697,5.0341536e-05,0,0,0,0,0.004802420117,2.27092616e-05
139,0.3094318878,4.115615122e-05,0.685865519,5.069376646e-05,0,0,0,0,0.00470259318,2.268849272e-05
140,0.3110902434,4.128339259e-05,0.68382246,5.070165382e-05,0,0,0,0,0.005087296619,2.252870567e-05
141,0.3102941037,4.099314462e-05,0.6843364595,5.040178286e-05,0,0,0,0,0.005369436825,2.24781486e-05
142,0.3096455968,4.093543735e-05,0.6852267469,5.019620992e-05,0,0,0,0,0.005127656293,2.232625347e-05
143,0.3092541081,4.124483611e-05,0.6860460005,5.073613571e-05,0,0,0,0,0.004699891372,2.23095696e-05
144,0.3107955442,4.112870596e-05,0.684433084,5.041702166e-05,0,0,0,0,0.004771371769,2.224182952e-05
145,0.310082923,4.086456482e-05,0.684583382,5.0076758e-05,0,0,0,0,0.005333695011,2.217188289e-05
146,0.3103725822,4.059410926e-05,0.6843593758,4.978565384e-05,0,0,0,0,0.005268042018,2.206799775e-05
147,0.3097738351,4.04514299e-05,0.6853139151,4.963045159e-05,0,0,0,0,0.004912249785,2.194063622e-05
148,0.3104906351,4.021091467e-05,0.684681844,4.929738433e-05,0,0,0,0,0.004827520969,2.184704354e-05
149,0.3113249932,4.056908622e-05,0.683606381,4.949417633e-05,0,0,0,0,0.005068625776,2.170159199e-05
150,0.3100270011,4.033062358e-05,0.6845664682,4.917228305e-05,0,0,0,0,0.005406530736,2.168248165e-05
151,0.3099772835,4.010872766e-05,0.6849312047,4.887633942e-05,0,0,0,0,0.005091511732,2.154100967e-05
152,0.3105224662,3.988324659e-05,0.684729561,4.855785066e-05,0,0,0,0,0.004747972811,2.149495441e-05
153,0.310138426,3.963229929e-05,0.6849659448,4.827731384e-05,0,0,0,0,0.004895629218,2.138039632e-05
154,0.3103941498,3.9385927e-05,0.6842507428,4.804697077e-05,0,0,0,0,0.005355107402,2.133032373e-05
155,0.309944342,3.918598253e-05,0.6846569856,4.773924339e-05,0,0,0,0,0.005398672406,2.130620321e-05
156,0.310035831,3.896233525e-05,0.6851405218,4.752451161e-05,0,0,0,0,0.004823647206,2.122293625e-05
157,0.3095746954,3.895523618e-05,0.6857045875,4.766008767e-05,0,0,0,0,0.004720717096,2.119506366e-05
158,0.3108476687,3.888876471e-05,0.6839533642,4.758568172e-05,0,0,0,0,0.00519896716,2.10811296e-05
159,0.3106469812,3.872173391e-05,0.6841220805,4.741884818e-05,0,0,0,0,0.005230938347,2.097778132e-05
160,0.3101265623,3.84901161e-05,0.68477627,4.712786149e-05,0,0,0,0,0.005097167715,2.084897807e-05
161,0.3108346172,3.841599226e-05,0.6842876266,4.690027833e-05,0,0,0,0,0.004877756169,2.074965677e-05
162,0.3097237913,3.832241129e-05,0.6853040121,4.676797526e-05,0,0,0,0,0.004972196609,2.062872803e-05
163,0.3110732237,3.840854468e-05,0.6836854442,4.68782147e-05,0,0,0,0,0.00524133219,2.053404243e-05
164,0.310297701,3.817629165e-05,0.6843713308,4.663113609e-05,0,0,0,0,0.005330968223,2.047679771e-05
165,0.3100851343,3.796164192e-05,0.6851544003,4.643883331e-05,0,0,0,0,0.004760465468,2.04318904e-05
166,0.3109042352,3.792762683e-05,0.6843195192,4.621085543e-05,0,0,0,0,0.004776245675,2.037834314e-05
167,0.3107715645,3.782036402e-05,0.6839793322,4.612238067e-05,0,0,0,0,0.005249103291,2.028983137e-05
168,0.3105228752,3.762604855e-05,0.6841968969,4.593561803e-05,0,0,0,0,0.005280227884,2.02131175e-05
169,0.3100255871,3.7432624e-05,0.6848885136,4.568327085e-05,0,0,0,0,0.005085899391,2.009491684e-05
170,0.3096419564,3.739376997e-05,0.6855405244,4.569759384e-05,0,0,0,0,0.004817519166,2.002633564e-05
171,0.3099791497,3.721375778e-05,0.6850413541,4.548096111e-05,0,0,0,0,0.004979496192,1.991485079e-05
172,0.310005014,3.702902388e-05,0.6846530079,4.521831729e-05,0,0,0,0,0.005341978046,1.986840571e-05
173,0.3097619641,3.692830787e-05,0.6847623581,4.496097691e-05,0,0,0,0,0.00547567784,1.989919845e-05
174,0.310049579,3.673700764e-05,0.6852128748,4.48072345e-05,0,0,0,0,0.004737546234,1.987044608e-05
175,0.3096700539,3.668066448e-05,0.68549602,4.479038685e-05,0,0,0,0,0.004833926173,1.979823239e-05
176,0.3100129301,3.64991776e-05,0.6846321234,4.453841438e-05,0,0,0,0,0.005354946545,1.975801607e-05
177,0.3100063381,3.632082134e-05,0.6846709068,4.428828899e-05,0,0,0,0,0.005322755093,1.970281514e-05
178,0.3095125786,3.635298605e-05,0.6855345912,4.429340128e-05,0,0,0,0,0.004952830189,1.960179388e-05
179,0.3100797894,3.616322499e-05,0.6851246591,4.411264032e-05,0,0,0,0,0.004795551441,1.954751869e-05
180,0.3093587849,3.629588527e-05,0.685524702,4.41070638e-05,0,0,0,0,0.005116513098,1.944222387e-05
181,0.3104659611,3.611703799e-05,0.6840941399,4.398954985e-05,0,0,0,0,0.00543989891,1.944830158e-05
182,0.3105928055,3.596973656e-05,0.684173957,4.384128842e-05,0,0,0,0,0.005233237533,1.936502552e-05
183,0.3104523345,3.579162347e-05,0.6847623581,4.360467127e-05,0,0,0,0,0.004785307404,1.931767869e-05
184,0.310734285,3.569465935e-05,0.6845177064,4.337923307e-05,0,0,0,0,0.004748008518,1.928651967e-05
185,0.3108357292,3.564122879e-05,0.6837114563,4.346502339e-05,0,0,0,0,0.005452814494,1.929936394e-05
186,0.3100195893,3.547257592e-05,0.6845515427,4.323858292e-05,0,0,0,0,0.00542886795,1.929670788e-05
187,0.3100728327,3.529672638e-05,0.6851157357,4.306902578e-05,0,0,0,0,0.004811431558,1.924002448e-05
188,0.3107048455,3.519145529e-05,0.6845764177,4.284519967e-05,0,0,0,0,0.004718736792,1.922307599e-05
189,0.310912763,3.5176782e-05,0.6839353837,4.280216964e-05,0,0,0,0,0.005151853245,1.912813717e-05
190,0.3102637278,3.499262719e-05,0.6843095534,4.262283644e-05,0,0,0,0,0.005426718777,1.912446895e-05
191,0.3100853839,3.48218133e-05,0.684930212,4.242051006e-05,0,0,0,0,0.004984404045,1.902904808e-05
192,0.3100340029,3.466043251e-05,0.6851583653,4.227219746e-05,0,0,0,0,0.004807631761,1.897562187e-05
193,0.3104724347,3.4499863e-05,0.6845177064,4.206312959e-05,0,0,0,0,0.005009858822,1.887953597e-05
194,0.310254921,3.432294132e-05,0.6843474199,4.188291951e-05,0,0,0,0,0.00539765912,1.886230408e-05
195,0.3105574959,3.418221764e-05,0.6842098615,4.173866373e-05,0,0,0,0,0.005232642595,1.878638581e-05
196,0.3090086188,3.459184935e-05,0.6861327156,4.217288892e-05,0,0,0,0,0.004858665562,1.871932138e-05
197,0.3093647638,3.470580652e-05,0.6859464162,4.243632715e-05,0,0,0,0,0.004688820006,1.871883733e-05
198,0.310017783,3.455051026e-05,0.6846977513,4.222308333e-05,0,0,0,0,0.005284465689,1.865904028e-05
199,0.3107760392,3.447931693e-05,0.6838944207,4.220085096e-05,0,0,0,0,0.005329540066,1.861431682e-05
